tau
MinMean MinSTD MaxMean MaxSTD
1
(0.91623959999999993, 0.037451346996336454, 0.91623959999999993, 0.037451346996336454)
1
(0.91752379999999989, 0.038564756365884113, 0.91752379999999989, 0.038564756365884113)
10
(0.91246000000000005, 0.044608837689408577, 0.91400000000000003, 0.044335087684586792)
10
(0.91246000000000005, 0.044608837689408577, 0.91400000000000003, 0.044335087684586792)
100
(0.8966375838926175,  0.074736917983006676,  0.91379194630872485,  0.065610071984995647)
100
(0.89873154362416119, 0.070764770637578106, 0.91553691275167781, 0.06079407683638563)
1000
(0.82953691275167785, 0.051830133430355883, 0.97243624161073827, 0.023294963636824019)
1000
(0.83096644295302025,  0.052151099019657816, 0.97257718120805381, 0.022648519873428748)
2750
(0.68616107382550329, 0.0634671681877573, 0.99789261744966451, 0.0064601420596482649)
2750
(0.68424161073825507,  0.06672991249482195, 0.99772483221476516, 0.006759888665540721)
5500
(0.57096644295302013, 0.070841577306458098, 0.99997315436241618, 0.0007322513662811204)
5500
(0.57093959731543631, 0.069832419557927072, 0.99999328859060399, 0.00036631017581195176)
8250
(0.52523489932885903, 0.070689641102625878, 1.0, 0.0)
8250
(0.52611409395973163, 0.07069406914373054, 1.0, 0.0)


