p n k l it
0.9
1000
10
480
100
My X axis
[20, 40, 60, 80, 100, 120, 140, 160, 180, 200, 220, 240, 260, 280, 300, 320, 340, 360, 380, 400, 420, 440, 460, 480]
Priemery
[   657.11,   1740.79,   2738.82,   3769.72,   4998.96,   6184.66,   7489.36,   9017.35,   9583.95,  11490.15,  12997.01,  14242.93,  15872.62,  17475.49,  18322.78,  20164.32,  21100.91,  23065.46,  24615.65,  26030.69,  28419.79,  28309.84,  30750.32,  32871.11]
Deviacie
[  277.1741292,    588.88934945,   856.26728748,  1064.02101558,  1492.6179546,  1687.21555363 , 1940.71592728 , 2372.36301343,  2543.46782317 , 2800.18566304,  3291.26079944,  3366.17657664 , 3708.55568053 , 3577.39518503,  4072.62057791,  4208.02846682,  4376.06108983 , 5015.64274529,  5305.75433727 , 5643.04313592,  5908.83038899,  5194.07605974 , 5856.03733233,  6320.13017571]
Tanalytical
[   733.90779844,   1775.88101047,   2934.13158777,   4167.8928481,   5457.80333936,  6792.4594163 ,   8164.32593208,   9568.04735053,  10999.61934066,  12455.93374664,  13934.50756083,  15433.31131409,  16950.65507909,  18485.10975923,  20035.45098032,  21600.61800972,  23179.68298441,  24771.82740356,  26376.32386023,  27992.5216291,  29619.83514335,  31257.73467106,  32905.73869005,  34563.40759116]