p n k l it
0.9
1000
105
100
100
My X axis
[5, 15, 25, 35, 45, 55, 65, 75, 85, 95, 105]
Priemery
[  2472.75,   7399.66 , 12711.86,  17931.32 , 21940.2 ,  27355.97 , 32814.5,  37707.  ,  41505.58 , 48667.92 , 52845.93]
Deviacie
[   657.33801617,  2016.18531995  , 3623.15741038   ,4948.34053169,    6176.10897896 ,  6374.95544213 ,  8548.41058619  ,10447.64422825,   10806.47182496,  12712.4334395 ,  14262.08153199]
Tanalytical
[  2728.90166968,   8186.70500905,  13644.50834841 , 19102.31168778,  24560.11502714,  30017.91836651,  35475.72170587 , 40933.52504523,  46391.3283846 ,  51849.13172396 , 57306.93506333]