p n k l it
0.9
500
10
95
100
My X axis
[5, 15, 25, 35, 45, 55, 65, 75, 85, 95]
Priemery
[   86.55   436.75   826.19  1302.28  1790.34  2247.2   2930.11  3456.18
  4074.83  4578.5 ]
Deviacie
[   59.40023148   197.08837485   294.577925     517.31391012   573.96986367
   777.72236692   850.67698799  1090.14281982  1083.76901649  1230.51019094]
Tanalytical
[  106.46059622   502.48383676   979.36906786  1501.96700925  2056.75765461
  2636.44700286  3236.45117563  3853.61744415  4485.64273838  5130.77025054]