p n k l it
0.9
500
10
100
10
My X axis
[5, 10, 15, 20, 25, 30, 35, 40, 45, 50, 55, 60, 65, 70, 75, 80, 85, 90, 95, 100]
Priemery
[   3524.4    6700.2   16403.8   23826.8   30237.3   32138.7   53470.7
   42424.1   93447.2   64504.9   79264.6   78291.1   92518.6  108610.3
  102278.7  109455.8  144461.4  115619.8  151280.2  138878. ]
Deviacie
[  2536.34194067   2343.34704216   6826.96034557  10775.32446658
  11905.24214831  11114.25293081  17688.37327201  14574.33822477
  52793.00090504  27599.2849199   38336.94302158  38105.61469771
  20682.1118032   47075.44509625  20678.34824182  31206.11162833
  33511.39929397  32101.21743423  76945.8286963   41473.82895273]
Tanalytical
[   4790.72682969   13047.18956217   22611.77265407   33025.85092994
   44071.60805385   55620.75301653   67588.51541627   79914.64547108
   92554.09445723  105471.89562171  118640.11512849  132035.92144986
  145640.30290341  159437.18215213  173412.78498661  187555.17816456
  201853.92322704  216299.81203966  230884.66127443  245601.15027141]