p n k l it
0.9
500
100
50
100
My X axis
[5, 10, 15, 20, 25, 30, 35, 40, 45, 50, 55, 60, 65, 70, 75, 80, 85, 90, 95, 100]
Priemery
[  1073.22   2187.36   3240.81   4196.14   5039.58   6207.94   7467.26
   8363.53   9315.87   9966.51  11994.83  12594.73  13630.54  15104.03
  16394.81  15709.75  17976.97  20365.86  21225.17  20803.12]
Deviacie
[  378.43230782   797.98896634  1124.12744558  1550.99569967  1512.50376647
  1872.97986012  2635.66036363  2890.86838322  3163.87394393  3054.7860465
  3655.45918061  3827.17664827  4181.13955141  5283.42991523  6120.14153218
  4400.74928024  6294.89274802  7842.27229318  6345.99245044  7128.22664522]
Tanalytical
[  1171.90995135   2343.8199027    3515.72985406   4687.63980541
   5859.54975676   7031.45970811   8203.36965947   9375.27961082
  10547.18956217  11719.09951352  12891.00946488  14062.91941623
  15234.82936758  16406.73931893  17578.64927028  18750.55922164
  19922.46917299  21094.37912434  22266.28907569  23438.19902705]