p n k l it
0.9
500
10
100
10
My X axis
[5, 10, 15, 20, 25, 30, 35, 40, 45, 50, 55, 60, 65, 70, 75, 80, 85, 90, 95, 100]
Priemery
[  102.3   224.9   435.3   617.    870.5  1062.9  1266.3  1331.4  1745.7
  1763.3  2486.2  2342.6  3068.2  2648.8  3278.6  3757.3  4765.9  4684.6
  4512.1  4571.1]
Deviacie
[   76.6172957    125.59574037   204.84484372   312.85683627   252.49801979
   319.02772607   790.50288425   656.65564796   573.27899839   409.27791291
   719.70713488   514.92760656  1131.76665439   352.26887458   642.1929928
  1537.13317901  1324.5080181   1583.56238905  1197.02075588   974.34208059]
Tanalytical
[  106.46059622   289.93754583   502.48383676   733.90779844   979.36906786
  1236.0167337   1501.96700925  1775.88101047  2056.75765461  2343.8199027
  2636.44700286  2934.13158777  3236.45117563  3543.04849227  3853.61744415
  4167.8928481   4485.64273838  4806.66248977  5130.77025054  5457.80333936]