p n k l it
0.9
500
10
100
100
My X axis
[5, 10, 15, 20, 25, 30, 35, 40, 45, 50, 55, 60, 65, 70, 75, 80, 85, 90, 95, 100]
Priemery
[   77.43   244.07   445.24   631.81   798.    1079.    1274.8   1529.95
  1846.46  2241.19  2424.52  2684.55  2930.16  3132.1   3610.85  3800.25
  3988.31  4342.6   4405.79  4990.65]
Deviacie
[   61.81961744   119.33006788   258.37453899   243.62215396   280.6883325
   412.89640347   420.92609803   473.86460883   569.87351965   751.71800158
   751.3477022    968.67223946   841.68546049   833.94255797  1175.34995959
  1184.75781808  1087.34036709  1115.86844207  1317.42174944  1456.51607183]
Tanalytical
[  106.46059622   289.93754583   502.48383676   733.90779844   979.36906786
  1236.0167337   1501.96700925  1775.88101047  2056.75765461  2343.8199027
  2636.44700286  2934.13158777  3236.45117563  3543.04849227  3853.61744415
  4167.8928481   4485.64273838  4806.66248977  5130.77025054  5457.80333936]